00111100000100000001000000000001
00100100000000100000000000000101
00000000000000000000000000001100
10101110000000100000000000000000
10001110000100010000000000010000
10001110000100100000000000000000
00010010001100100000000000001010
10001110000100110000000000000100
10001110000101000000000000001000
10001110000101010000000000001100
10101110000101000000000000000100
10101110000101010000000000001000
00000010100101011011000000100000
10101110000101100000000000001100
00100010001100010000000000000001
10101110000100010000000000010000
00001000000100000000000000000100
10001110000101110000000000000100
10101110000101110000000000010100
00100100000000100000000000000001
00000010111000000010000000100000
00000000000000000000000000001100
00100100000000100000000000001010
00000000000000000000000000001100
