00111100000100000001000000000001
00100100000000100000000000000101
00000000000000000000000000001100
00111100000000010001000000000001
10101100001000100000000000000000
00111100000000010001000000000001
10001100001010000000000000000000
00111100000000010001000000000001
10001100001010010000000000000100
00100001000010000000000000000001
00010001001010000000000000001001
00111100000000010001000000000001
10001100001010110000000000001000
00000001011010010101100000100000
00111100000000010001000000000001
10101100001010110000000000001000
00100001001010010000000000000001
00111100000000010001000000000001
10101100001010010000000000000100
00001000000100000000000000000101
00111100000000010001000000000001
10001100001010110000000000001000
00100100000000100000000000000001
00000001011000000010000000100000
00000000000000000000000000001100
00100100000000100000000000001010
00000000000000000000000000001100
