00111100000000010001000000000001
00110100001010000000000000000000
00100100000010010000000000000000
00100100000010100000000000000000
00100100000000100000000000000101
00000000000000000000000000001100
00000000000000100101100000100001
00111100000000010001000000000001
00110100001011010000000000111100
10001101101011100000000000000000
00000001010011100000100000101010
00010000001000000000000000001001
10001101000011000000000000000000
00010001011011000000000000000011
00100101000010000000000000000100
00100101010010100000000000000001
00001000000100000000000000001010
00100101001010010000000000000001
00100101000010000000000000000100
00100101010010100000000000000001
00001000000100000000000000001010
00100100000000100000000000000001
00000000000010010010000000100001
00000000000000000000000000001100
00100100000000100000000000001010
00000000000000000000000000001100
